0.024968571378849447
0.01488074692315422
0.00826134426461067
0.006242119932721835
0.005344155397324357
0.004461726355657447
0.0036107528576394543
0.0028465144059737213
0.002305375979631208
0.001823219583457103
0.001474103337386623
0.0012106371577829123
0.001114929749746807
0.0009758450869412627
0.0009410040165676037
0.0008628835275885649
0.0007883645757829072
0.0007315049815588281
0.0006357498832585406
0.0006386858003679663
0.000614463032434287
0.0006075396286178147
0.0005095879255350155
0.0005045854231866542
0.0005010735085306806
0.0004716465309684281
0.00047151196804406936
0.00047850205373833887
0.00041577643332857406
0.0004584123616950819
0.0004090836505383777
0.0003962454079555755
0.0004785081996487861
0.00042259038036718266
0.0003959014507017855
0.00043717672997445334
0.00033250612614210695
0.0003299737818451831
0.000330275534224711
0.0003599450842557417
