0.012326244148425758
0.004065101220476208
0.0032383419129473623
0.00243521349511866
0.0016646839012537384
0.0011420051669119857
0.0009327622292403248
0.0005878964211660787
0.00044313349872027175
0.00037587977885777946
0.00036818134367422317
0.00030553908391084406
0.00029821671114405035
0.00033116027543655946
0.0002985367959809082
0.000312534751401472
0.00031076835193744046
0.00028646656255659764
0.0002587152876003529
0.00029023319734733377
0.0002817795957525959
0.00025514477533761237
0.00024888876100703783
0.00023722022478978033
0.00025332196082672453
0.00022678355321659183
0.0002501974549886654
0.00024413253777311184
0.00022142792067825212
0.00019422945911173883
0.0002371614668845723
0.00020655426965277002
0.00023019635341370304
0.0002213164282238722
0.0002291059377057536
0.0002100741960475716
0.00019968673871062492
0.00021042562298134726
0.00020951564283677726
0.00020693294550255814
