0.020499628881225362
0.014874116168357432
0.007544706910266541
0.005912439650273882
0.005662113726430107
0.004948830988723785
0.004642734013032168
0.0040916386351455
0.00348611159279244
0.0034977018112840597
0.0033629838944762014
0.0029585624142782763
0.002340394690691028
0.001885714034870034
0.00168734195176512
0.0015693680143158417
0.0014545953818014823
0.0012681598018389195
0.0011423716441640863
0.0010033466460299678
0.0009629683227103669
0.0008314506685564993
0.0006123061584730749
0.0006002296622682479
0.0005841951133334078
0.0005347558535504504
0.0005595033007921302
0.00046099193332338473
0.0005192576386434666
0.00044926400460099103
0.000445864715402422
0.0003645401634457812
0.0003806848999374779
0.0004029921560686489
0.0003681069565573125
0.0004349997002464079
0.0003564474341146706
0.0003498776109154278
0.0003497935263112595
0.0003378589872227167
